20839224.556025073
20798012.368560027
20756882.564257726
20715834.97843422
20674869.44673478
20633985.80513321
20593183.889931194
20552463.537757672
20511824.585568145
20471266.87064404
20430790.230592072
20390394.503343564
20350079.527153827
20309845.1406015
20269691.182587888
20229617.49233634
20189623.90939161
20149710.273619186
20109876.425204672
20070122.204653133
20030447.45278848
19990852.0107528
19951335.720005758
19911898.422323912
19872539.95980014
19833260.17484295
19794058.910175886
19754936.00883689
19715891.314177677
19676924.669863082
19638035.919870477
19599224.908489108
19560491.480319485
19521835.480272777
19483256.753570154
19444755.145742215
19406330.502628326
19367982.670376018
19329711.49544039
19291516.824583456
19253398.504873563
19215356.38368477
19177390.308696233
19139500.127891593
19101685.689558387
19063946.842287414
19026283.434972122
18988695.31680806
18951182.337292213
18913744.346222416
18876381.19369676
18839092.730113007
18801878.806167964
18764739.272856887
18727673.981472895
18690682.78360638
18653765.5311444
18616922.07627009
18580152.271462075
18543455.969493873
18506833.023433298
18470283.286641903
18433806.612774357
18397402.855777867
18361071.86989162
18324813.509646155
18288627.62986282
18252514.08565317
18216472.732418403
18180503.425848745
18144606.021922924
18108780.376907546
18073026.347356558
18037343.79011064
18001732.56229666
17966192.521327075
17930723.52489939
17895325.430995565
17859998.09788145
17824741.38410624
17789555.14850186
17754439.250182457
17719393.548543785
17684417.903262697
17649512.174296517
17614676.221882552
17579909.90653746
17545213.089056738
17510585.630514167
17476027.39226121
17441538.23592653
17407118.023415364
17372766.616909005
17338483.87886425
17304269.672012854
17270123.859360944
17236046.304188535
17202036.87004891
17168095.42076813
17134221.820444457
17100415.933447845
17066677.62441933
17033006.758270565
16999403.200183228
16965866.815608513
16932397.47026656
16898995.030145943
16865659.36150313
16832390.330861934
16799187.80501299
16766051.651013225
16732981.736185292
16699977.928117111
16667040.09466125
16634168.10393447
16601361.824317154
16568621.124452794
16535945.873247461
16503335.939869288
16470791.193747941
16438311.504574085
16405896.742298894
16373546.777133483
16341261.479548447
16309040.720273273
16276884.370295899
16244792.300862122
16212764.38347515
16180800.489895035
16148900.492138179
16117064.262476843
16085291.673438601
16053582.597805846
16021936.908615286
15990354.479157407
15958835.182976022
15927378.893867703
15895985.485881306
15864654.833317483
15833386.810728129
15802181.29291593
15771038.154933844
15739957.272084579
15708938.519920133
15677981.774241261
15647086.911096994
15616253.806784168
15585482.337846853
15554772.381075945
15524123.813508624
15493536.512427866
15463010.355361972
15432545.22008405
15402140.984611552
15371797.527205767
15341514.726371333
15311292.460855763
15281130.609648962
15251029.051982718
15220987.667330254
15191006.33540571
15161084.936163682
15131223.349798743
15101421.456744943
15071679.13767536
15041996.273501592
15012372.745373312
14982808.43467776
14953303.223039288
14923856.99231888
14894469.624613682
14865141.00225653
14835871.007815469
14806659.524093295
14777506.434127077
14748411.62118771
14719374.968779404
14690396.36063926
14661475.680736791
14632612.813273447
14603807.642682165
14575060.05362689
14546369.931002134
14517737.159932513
14489161.625772256
14460643.214104788
14432181.81074224
14403777.301725019
14375429.573321315
14347138.512026697
14318904.004563604
14290725.937880928
14262604.199153552
14234538.675781893
14206529.255391456
14178575.825832376
14150678.275178986
14122836.491729353
14095050.364004835
14067319.780749636
14039644.630930372
14012024.803735586
13984460.188575368
13956950.675080853
13929496.153103817
13902096.512716211
13874751.644209739
13847461.438095413
13820225.785103109
13793044.576181138
13765917.702495798
13738845.055430964
13711826.526587605
13684862.007783402
13657951.391052295
13631094.568644032
13604291.433023755
13577541.87687159
13550845.793082174
13524203.074764252
13497613.615240246
13471077.30804583
13444594.046929495
13418163.725852132
13391786.238986604
13365461.480717316
13339189.34563981
13312969.728560325
13286802.524495382
13260687.628671367
13234624.9365241
13208614.343698438
13182655.746047832
13156749.039633932
13130894.120726155
13105090.88580127
13079339.231543
13053639.054841595
13027990.252793416
13002392.72270053
12976846.362070296
12951351.068614969
12925906.740251258
12900513.275099948
12875170.57148547
12849878.527935516
12824637.043180622
12799446.016153753
12774305.345989913
12749214.932025727
12724174.673799055
12699184.47104858
12674244.223713405
12649353.83193265
12624513.196045063
12599722.216588618
12574980.79430011
12550288.830114754
12525646.2251658
12501052.88078414
12476508.698497906
12452013.580032054
12427567.42730802
12403170.14244328
12378821.627750985
12354521.785739558
12330270.519112313
12306067.730767058
12281913.323795702
12257807.201483885
12233749.267310569
12209739.424947664
12185777.578259641
12161863.631303154
12137997.488326624
12114179.053769909
12090408.23226387
12066684.928630024
12043009.047880143
12019380.495215878
11995799.176028393
11972264.995897958
11948777.860593606
11925337.676072728
11901944.348480709
11878597.784150545
11855297.889602477
11832044.571543608
11808837.736867541
11785677.292653995
11762563.146168426
11739495.204861686
11716473.376369612
11693497.568512697
11670567.68929569
11647683.64690724
11624845.349719519
11602052.70628788
11579305.62535046
11556604.01582783
11533947.78682264
11511336.84761923
11488771.107683286
11466250.476661477
11443774.864381082
11421344.18084963
11398958.33625456
11376617.240962837
11354320.805520602
11332068.940652817
11309861.5572629
11287698.566432381
11265579.87942053
11243505.407664016
11221475.062776545
11199488.756548503
11177546.400946613
11155647.908113569
11133793.190367699
11111982.160202602
11090214.730286805
11068490.81346341
11046810.322749747
11025173.17133702
11003579.272589965
10982028.540046506
10960520.8874174
10939056.2285859
10917634.477607407
10896255.548709117
10874919.356289698
10853625.814918924
10832374.83933735
10811166.344455961
10790000.24535584
10768876.457287828
10747794.895672156
10726755.476098157
10705758.114323888
10684802.7262758
10663889.228048425
10643017.535904003
10622187.56627218
10601399.23574965
10580652.461099837
10559947.159252549
10539283.24730365
10518660.64251474
10498079.2623128
10477539.024289884
10457039.846202778
10436581.64597267
10416164.341684815
10395787.851588238
10375452.09409536
10355156.987781715
10334902.451385587
10314688.403807716
10294514.764110953
10274381.451519944
10254288.385420803
10234235.485360797
10214222.67104801
10194249.862351034
10174316.97929864
10154423.942079473
10134570.671041705
10114757.08669274
10094983.109698894
10075248.66088505
10055553.661234392
10035898.031888034
10016281.69414474
9996704.56946059
9977166.579448685
9957667.645878818
9938207.690677155
9918786.63592594
9899404.403863173
9880060.9168823
9860756.097531902
9841489.868515387
9822262.152690671
9803072.87306989
9783921.952819072
9764809.315257836
9745734.883859085
9726698.582248703
9707700.334205234
9688740.063659605
9669817.694694798
9650933.151545554
9632086.358598063
9613277.240389673
9594505.721608583
9575771.727093536
9557075.181833526
9538416.010967491
9519794.139784012
9501209.493721034
9482661.998365533
9464151.579453252
9445678.162868373
9427241.674643248
9408842.040958084
9390479.188140659
9372153.042666014
9353863.531156171
9335610.58037984
9317394.11725211
9299214.068834173
9281070.362333022
9262962.925101165
9244891.684636336
9226856.568581196
9208857.504723052
9190894.420993557
9172967.24546844
9155075.906367198
9137220.33205282
9119400.451031495
9101616.191952333
9083867.483607069
9066154.254929785
9048476.43499663
9030833.95302552
9013226.738375872
8995654.720548306
8978117.82918438
8960615.994066289
8943149.145116597
8925717.21239796
8908320.126112822
8890957.816603174
8873630.214350233
8856337.249974197
8839078.854233945
8821854.958026778
8804665.492388133
8787510.388491299
8770389.577647153
8753302.991303882
8736250.561046716
8719232.218597632
8702247.895815104
8685297.524693819
8668381.037364403
8651498.36609316
8634649.443281788
8617834.201467117
8601052.573320832
8584304.49164921
8567589.889392855
8550908.699626405
8534260.8555583
8517646.290530488
8501064.938018167
8484516.731629517
8468001.605105441
8451519.492319282
8435070.327276586
8418654.044114808
8402270.57710307
8385919.86064189
8369601.829262916
8353316.417628668
8337063.560532279
8320843.192897224
8304655.249777072
8288499.666355215
8272376.37794462
8256285.319987558
8240226.428055351
8224199.637848116
8208204.885194507
8192242.106051451
8176311.236503905
8160412.212764582
8144544.971173713
8128709.448198785
8112905.580434286
8097133.304601446
8081392.557547995
8065683.276247906
8050005.397801136
8034358.859433377
8018743.598495819
8003159.552464877
7987606.658941947
7972084.855653168
7956594.080449169
7941134.271304798
7925705.366318909
7910307.303714087
7894940.021836411
7879603.45915521
7864297.554262808
7849022.245874284
7833777.47282723
7818563.174081501
7803379.288718958
7788225.755943258
7773102.515079575
7758009.50557438
7742946.666995187
7727913.93903031
7712911.261488639
7697938.574299371
7682995.817511794
7668082.931295041
7653199.855937828
7638346.531848256
7623522.899553543
7608728.899699783
7593964.473051734
7579229.56049255
7564524.103023572
7549848.041764079
7535201.317951043
7520583.872938906
7505995.6481993515
7491436.585321048
7476906.62600944
7462405.712086499
7447933.785490484
7433490.788275737
7419076.662612421
7404691.350786307
7390334.795198534
7376006.938365382
7361707.722918038
7347437.091602374
7333194.987278709
7318981.352921588
7304796.131619547
7290639.266574889
7276510.7011034535
7262410.378634395
7248338.242709954
7234294.236985225
7220278.305227943
7206290.39131824
7192330.439248443
7178398.393122833
7164494.1971574295
7150617.795679761
7136769.133128647
7122948.154053969
7109154.803116463
7095389.025087483
7081650.764848782
7067939.967392299
7054256.57781993
7040600.541343317
7026971.803283622
7013370.309071306
6999796.00424592
6986248.834455882
6972728.745458254
6959235.683118531
6945769.593410426
6932330.422415645
6918918.116323684
6905532.621431605
6892173.884143811
6878841.850971856
6865536.468534211
6852257.683556062
6839005.442869083
6825779.693411235
6812580.382226554
6799407.456464932
6786260.863381907
6773140.5503384555
6760046.464800777
6746978.554340091
6733936.766632413
6720921.049458364
6707931.350702946
6694967.6183553375
6682029.800508695
6669117.845359927
6656231.701209501
6643371.3164612325
6630536.6396220755
6617727.619301919
6604944.204213383
6592186.343171609
6579453.985094057
6566747.0790003035
6554065.57401183
6541409.419351829
6528778.564344993
6516172.958417316
6503592.55109589
6491037.292008696
6478507.13088442
6466002.017552231
6453521.901941592
6441066.734082059
6428636.464103077
6416231.042233786
6403850.418802807
6391494.544238072
6379163.369066586
6366856.843914271
6354574.919505738
6342317.546664094
6330084.67631076
6317876.259465263
6305692.247245041
6293532.590865245
6281397.241638554
6269286.150974968
6257199.270381619
6245136.551462574
6233097.945918648
6221083.405547207
6209092.882241965
6197126.3279928155
6185183.694885605
6173264.9351019785
6161370.000919157
6149498.844709769
6137651.418941641
6125827.676177626
6114027.569075396
6102251.050387263
6090498.072959987
6078768.589734589
6067062.55374616
6055379.918123667
6043720.636089789
6032084.660960693
6020471.946145882
6008882.445147985
5997316.111562582
5985772.899078019
5974252.761475209
5962755.652627472
5951281.526500318
5939830.337151291
5928402.038729774
5916996.585476803
5905613.931724882
5894254.031897814
5882916.840510497
5871602.312168766
5860310.4015691895
5849041.063498901
5837794.252835416
5826569.924546447
5815368.033689726
5804188.53541283
5793031.384952989
5781896.537636919
5770783.9488806315
5759693.574189266
5748625.36915691
5737579.2894664155
5726555.29088922
5715553.329285182
5704573.360602388
5693615.340876994
5682679.226233028
5671764.972882237
5660872.537123896
5650001.875344634
5639152.944018268
5628325.699705624
5617520.099054363
5606736.0987988
5595973.655759749
5585232.726844337
5574513.269045823
5563815.239443451
5553138.595202251
5542483.2935728915
5531849.291891488
5521236.547579446
5510645.018143284
5500074.661174465
5489525.434349226
5478997.29542841
5468490.202257296
5458004.112765433
5447538.984966465
5437094.776957965
5426671.446921276
5416268.953121329
5405887.253906489
5395526.307708377
5385186.073041718
5374866.508504157
5364567.572776105
5354289.224620574
5344031.422883007
5333794.126491111
5323577.294454705
5313380.885865537
5303204.859897142
5293049.175804656
5282913.792924673
5272798.670675064
5262703.768554834
5252629.046143941
5242574.463103147
5232539.979173852
5222525.554177932
5212531.14801758
5202556.720675142
5192602.232212961
5182667.642773215
5172752.912577761
5162858.001927965
5152982.871204561
5143127.48086747
5133291.791455666
5123475.763586994
5113679.357958033
5103902.535343923
5094145.25659822
5084407.4826527275
5074689.174517354
5064990.293279943
5055310.800106124
5045650.656239162
5036009.822999788
5026388.26178606
5016785.934073199
5007202.801413434
4997638.825435857
4988093.967846261
4978568.190426985
4969061.455036771
4959573.7236106
4950104.958159551
4940655.120770637
4931224.173606666
4921812.078906075
4912418.79898279
4903044.296226071
4893688.533100364
4884351.472145145
4875033.075974775
4865733.307278349
4856452.128819549
4847189.503436489
4837945.394041568
4828719.763621327
4819512.575236296
4810323.792020848
4801153.377183047
4792001.2940045055
4782867.50584024
4773751.976118516
4764654.6683407035
4755575.546081139
4746514.572986972
4737471.712778019
4728446.929246625
4719440.1862575095
4710451.447747631
4701480.677726032
4692527.840273706
4683592.899543448
4674675.81975971
4665776.565218459
4656895.100287037
4648031.389404011
4639185.39707904
4630357.087892729
4621546.42649648
4612753.377612362
4603977.906032964
4595219.9766212525
4586479.554310435
4577756.604103819
4569051.091074664
4560362.980366054
4551692.2371907495
4543038.826831056
4534402.714638667
4525783.866034553
4517182.2465087995
4508597.821620477
4500030.556997508
4491480.418336518
4482947.371402712
4474431.382029726
4465932.416119498
4457450.439642124
4448985.418635728
4440537.3192063235
4432106.107527679
4423691.74984118
4415294.2124556955
4406913.461747445
4398549.46415986
4390202.186203454
4381871.594455682
4373557.655560814
4365260.336229797
4356979.603240122
4348715.423435694
4340467.7637266945
4332236.5910894545
4324021.872566314
4315823.575265502
4307641.666360998
4299476.113092391
4291326.882764766
4283193.942748569
4275077.260479463
4266976.803458213
4258892.53925055
4250824.435487037
4242772.4598629465
4234736.580138129
4226716.764136882
4218712.979747821
4210725.194923753
4202753.37768155
4194797.496102013
4186857.5183297535
4178933.412573061
4171025.1471037758
4163132.6902571646
4155256.010431789
4147395.0760893845
4139549.8557547303
4131720.318015525
4123906.4315222614
4116108.1649880977
4108325.487188735
4100558.3669622936
4092806.773209185
4085070.6748919897
4077350.041035328
4069644.8407257483
4061955.043111586
4054280.6174028553
4046621.5328711146
4038977.7588493545
4031349.264731864
4023736.0199741125
4016137.994092634
4008555.1566648902
4000987.4773291666
3993434.925784435
3985897.4717902397
3978375.08516658
3970867.7357937805
3963375.393612378
3955898.028622995
3948435.6108862264
3940988.1105225133
3933555.4977120273
3926137.74269455
3918734.815769353
3911346.6872950783
3903973.3276896253
3896614.707430023
3889270.797052319
3881941.56715146
3874626.9883811735
3867327.0314538484
3860041.6671404205
3852770.8662702553
3845514.59973103
3838272.838468617
3831045.5534869656
3823832.7158479933
3816634.2966714613
3809450.267134865
3802280.5984733123
3795125.2619794128
3787984.229003165
3780857.4709518366
3773744.959289851
3766646.6655386807
3759562.561276716
3752492.6181391748
3745436.8078179625
3738395.102061583
3731367.472675011
3724353.8915195838
3717354.3305128836
3710368.761628635
3703397.1568965893
3696439.488402401
3689495.728287535
3682565.8487491356
3675649.8220399357
3668747.6204681257
3661859.216397258
3654984.5822461285
3648123.690488668
3641276.5136538288
3634443.0243254835
3627623.1951423064
3620816.998797665
3614024.4080395177
3607245.395670295
3600479.9345467994
3593727.9975800896
3586989.557735375
3580264.5880319127
3573553.061542884
3566854.951395309
3560170.230769918
3553498.872901058
3546840.851076577
3540196.1386377243
3533564.7089790357
3526946.5355482367
3520341.5918461243
3513749.851426472
3507171.287895919
3500605.874913863
3494053.586192359
3487514.39549601
3480988.276641863
3474475.203499304
3467975.1499899575
3461488.0900875763
3455013.997817941
3448552.8472587513
3442104.61253953
3435669.2678415123
3429246.7873975467
3422837.1454919875
3416440.3164605973
3410056.274690442
3403684.9946197835
3397326.4507379886
3390980.617585412
3384647.4697533064
3378326.9818837196
3372019.128669382
3365723.8848536205
3359441.225230246
3353171.12464346
3346913.557987746
3340668.5002077767
3334435.92629831
3328215.8113040887
3322008.1303197406
3315812.858489681
3309629.9710080093
3303459.4431184125
3297301.2501140684
3291155.367337539
3285021.77018068
3278900.434084537
3272791.3345392514
3266694.4470839566
3260609.747306684
3254537.210844267
3248476.813382237
3242428.530654736
3236392.3384444052
3230368.212582304
3224356.1289478005
3218356.063468483
3212367.9921200583
3206391.8909262572
3200427.7359587457
3194475.503337011
3188535.16922829
3182606.709847451
3176690.101456915
3170785.320366552
3164892.3429335877
3159011.145562512
3153141.7047049813
3147283.9968597246
3141437.998572451
3135603.6864357535
3129781.0370890163
3123970.027218324
3118170.633556363
3112382.8328823335
3106606.6020218506
3100841.9178468576
3095088.7572755297
3089347.0972721847
3083616.9148471863
3077898.1870568553
3072190.8910033777
3066495.0038347105
3060810.502744493
3055137.3649719567
3049475.567801826
3043825.0885642394
3038185.904634648
3032557.9934337316
3026941.3324273066
3021335.8991262326
3015741.6710863286
